1.669538177672208e-16	0.01
-8.261888758938403e-17	0.02
2.556026971550398e-16	0.03
0.	0.04
7.030938626462859e-17	0.05
-1.1182951485860082e-16	0.060000000000000005
-6.375287931040942e-17	0.06999999999999999
4.9024600360129514e-17	0.08
-5.383587806071976e-17	0.09
5.972583725241336e-17	0.09999999999999999
-1.7585026084200452e-17	0.11
0.08147763052037635	0.12
0.18435246371696218	0.13
0.2309802747223376	0.14
0.2590334835538693	0.15000000000000002
0.27715875695890135	0.16
0.28914671709587847	0.17
0.2970481778448138	0.18000000000000002
0.3021020712336022	0.19
0.3051100584917273	0.2
0.30661592492598255	0.21000000000000002
0.30700152016227333	0.22
0.30654219668258725	0.23
0.30544073502882646	0.24000000000000002
0.30384904311374733	0.25
0.30188253346843097	0.26
0.29962992752588696	0.27
0.2971601041322322	0.28
0.2945269820168415	0.29000000000000004
0.29177306233400074	0.3
0.2889320386630052	0.31
0.2860307460392391	0.32
0.2830906339149204	0.33
0.2801288912977418	0.34
0.27715931450177345	0.35000000000000003
0.274192982228805	0.36000000000000004
0.27123878491478093	0.37
0.2683038427917349	0.38
0.26539383823125445	0.39
0.2625132815339519	0.4
0.25966572466404536	0.41000000000000003
0.2568539339925186	0.42000000000000004
0.25408003055751893	0.43
0.25134560443407306	0.44
0.24865180835521217	0.45
0.2459994346211126	0.46
0.24338897848416746	0.47000000000000003
0.24082069054145838	0.48000000000000004
0.23829462015557726	0.49
0.23581065152511246	0.5
0.2333685337115061	0.51
0.23096790567998846	0.52
0.2286083172144544	0.53
0.22628924640784126	0.54
0.22401011430262638	0.55
0.22177029715365915	0.56
0.21956913670277642	0.5700000000000001
0.21740594878720926	0.5800000000000001
0.21528003054898648	0.59
0.21319066646769208	0.6
0.2111371334010979	0.61
0.20911870479111527	0.62
0.20713465416086907	0.63
0.20518425801594872	0.64
0.20326679823937094	0.65
0.20138156405829133	0.66
0.199527853647895	0.67
0.19770497542762708	0.68
0.1959122490968132	0.6900000000000001
0.19414900644935865	0.7000000000000001
0.19241459200141295	0.7100000000000001
0.1907083634607117	0.72
0.18902969206216483	0.73
0.1873779627905369	0.74
0.18575257450805474	0.75
0.18415294000221064	0.76
0.18257848596666515	0.77
0.18102865292648557	0.78
0.17950289511708917	0.79
0.17800068032509977	0.8
0.17652148969803322	0.81
0.17506481752873038	0.8200000000000001
0.17363017101959308	0.8300000000000001
0.1722170700309751	0.8400000000000001
0.17082504681738497	0.85
0.1694536457546471	0.86
0.1681024230606874	0.87
0.1667709465121993	0.88
0.16545879515910258	0.89
0.16416555903841396	0.9
0.1628908388888766	0.91
0.16163424586748998	0.92
0.16039540126886628	0.93
0.15917393624822118	0.9400000000000001
0.1579694915485969	0.9500000000000001
0.15678171723286727	0.9600000000000001
0.1556102724209133	0.97
0.15445482503231842	0.98
0.15331505153479674	0.99
0.15219063669855026	1.
0.15108127335669144	1.01
0.14998666217180193	1.02
0.14890651140864533	1.03
0.14784053671306932	1.04
0.14678846089705036	1.05
0.14575001372984964	1.06
0.144724931735185	1.07
0.14371295799436823	1.08
0.142713841955274	1.09
0.14172733924706635	1.1
0.1407532115005279	1.11
0.13979122617390252	1.12
0.13884115638408775	1.1300000000000001
0.13790278074307727	1.1400000000000001
0.1369758831994824	1.1500000000000001
0.13606025288502197	1.1600000000000001
0.1351556839658349	1.17
0.13426197549846838	1.18
0.13337893129041004	1.19
0.13250635976503614	1.2
0.13164407383082577	1.21
0.13079189075472142	1.22
0.12994963203950285	1.23
0.1291171233050325	1.24
0.12829419417328256	1.25
0.12748067815697514	1.26
0.12667641255176024	1.27
0.12588123833178405	1.28
0.12509500004856008	1.29
0.12431754573300606	1.3
0.12354872680057209	1.31
0.12278839795933144	1.32
0.1220364171209441	1.33
0.12129264531440057	1.34
0.12055694660244351	1.35
0.11982918800058551	1.36
0.1191092393986269	1.37
0.11839697348459093	1.3800000000000001
0.11769226567100602	1.3900000000000001
0.11699499402343848	1.4000000000000001
0.11630503919120498	1.4100000000000001
0.11562228434020519	1.42
0.11494661508777666	1.43
0.11427791943953466	1.44
0.11361608772809707	1.45
0.11296101255366028	1.46
0.11231258872635078	1.47
0.11167071321028597	1.48
0.1110352850693014	1.49
0.11040620541428198	1.5
0.10978337735204238	1.51
0.10916670593570722	1.52
0.10855609811654242	1.53
0.1079514626971868	1.54
0.10735271028624144	1.55
0.10675975325417099	1.56
0.1061725056904667	1.57
0.1055908833620478	1.58
0.10501480367283995	1.59
0.10444418562450733	1.6
0.10387894977829464	1.61
0.1033190182179445	1.62
0.10276431451365761	1.6300000000000001
0.1022147636870584	1.6400000000000001
0.10167029217713289	1.6500000000000001
0.10113082780712575	1.6600000000000001
0.10059629975233013	1.6700000000000002
0.10006663850877996	1.68
0.09954177586279314	1.69
0.09902164486134978	1.7
0.09850617978326504	1.71
0.09799531611115936	1.72
0.09748899050416578	1.73
0.0969871407713828	1.74
0.09648970584603067	1.75
0.09599662576029627	1.76
0.09550784162084902	1.77
0.09502329558499667	1.78
0.09454293083747248	1.79
0.09406669156783222	1.8
0.09359452294843645	1.81
0.09312637111300401	1.82
0.09266218313572827	1.83
0.09220190701092254	1.84
0.09174549163319423	1.85
0.09129288677812174	1.86
0.09084404308342721	1.87
0.09039891203062365	1.8800000000000001
0.08995744592712612	1.8900000000000001
0.08951959788881791	1.9000000000000001
0.08908532182304568	1.9100000000000001
0.08865457241204391	1.9200000000000002
0.08822730509677255	1.93
0.08780347606115299	1.94
0.08738304221669091	1.95
0.08696596118748336	1.96
0.08655219129558592	1.97
0.08614169154674005	1.98
0.08573442161644917	1.99
0.08533034183638806	2.
0.08492941318114036	2.01
0.08453159725525565	2.02
0.08413685628061941	2.03
0.08374515308411495	2.04
0.08335645108558792	2.05
0.082970714286091	2.0599999999999996
0.08258790725640372	2.07
0.0822079951258261	2.0799999999999996
0.08183094357123195	2.09
0.08145671880637592	2.0999999999999996
0.08108528757145332	2.11
0.08071661712289538	2.1199999999999997
0.08035067522340344	2.13
0.07998743013221363	2.1399999999999997
0.07962685059557764	2.15
0.07926890583746637	2.1599999999999997
0.07891356555048253	2.17
0.07856079988698025	2.1799999999999997
0.0782105794503809	2.19
0.07786287528668764	2.1999999999999997
0.07751765887618894	2.21
0.07717490212534701	2.2199999999999998
0.0768345773588655	2.23
0.07649665731193395	2.2399999999999998
0.07616111512264298	2.25
0.07582792432456573	2.26
0.07549705883950157	2.27
0.07516849297037971	2.28
0.0748422013943157	2.29
0.07451815915581762	2.3
0.07419634166014236	2.31
0.07387672466679022	2.32
0.07355928428314344	2.3299999999999996
0.07324399695823611	2.34
0.07293083947666194	2.3499999999999996
0.0726197889526069	2.36
0.07231082282400997	2.3699999999999997
0.0720039188468468	2.38
0.0716990550895345	2.3899999999999997
0.07139620992745004	2.4
0.07109536203756733	2.4099999999999997
0.07079649039320308	2.42
0.07049957425887307	2.4299999999999997
0.07020459318525207	2.44
0.06991152700424172	2.4499999999999997
0.06962035582413476	2.46
0.06933106002488232	2.4699999999999998
0.06904362025345442	2.48
0.06875801741929709	2.4899999999999998
0.06847423268988019	2.5
0.06819224748633458	2.51
0.06791204347917913	2.52
0.0676336025841309	2.53
0.06735690695799981	2.54
0.06708193899466691	2.55
0.06680868132113903	2.56
0.06653711679368456	2.57
0.06626722849404436	2.5799999999999996
0.06599899972571503	2.59
0.06573241401031024	2.5999999999999996
0.06546745508398687	2.61
0.06520410689394532	2.6199999999999997
0.0649423535949954	2.63
0.06468217954619002	2.6399999999999997
0.06442356930752234	2.65
0.06416650763668778	2.6599999999999997
0.06391097948590703	2.67
0.06365696999881082	2.6799999999999997
0.06340446450738249	2.69
0.06315344852896092	2.6999999999999997
0.06290390776329623	2.71
0.06265582808966641	2.7199999999999998
0.06240919556404324	2.73
0.06216399641631444	2.7399999999999998
0.061920217047555626	2.75
0.06167784402735547	2.76
0.06143686409118793	2.77
0.061197264137835224	2.78
0.06095903122685717	2.79
0.06072215257610708	2.8
0.06048661555929513	2.81
0.06025240770359267	2.82
0.060019516687284266	2.8299999999999996
0.059787930337459064	2.84
0.059557636627746297	2.8499999999999996
0.05932862367609052	2.86
0.05910087974256762	2.8699999999999997
0.05887439322723893	2.88
0.05864915266804551	2.8899999999999997
0.05842514673873861	2.9
0.05820236424684703	2.9099999999999997
0.05798079413168199	2.92
0.05776042546237471	2.9299999999999997
0.057541247435952056	2.94
0.05732324937544289	2.9499999999999997
0.05710642072801942	2.96
0.056890751063169834	2.9699999999999998
0.05667623007090491	2.98
0.056462847559993236	2.9899999999999998
0.05625059345622841	3.
0.056039457800726486	3.01
0.055829430748251724	3.02
0.05562050256557163	3.03
0.05541266362984112	3.04
0.05520590442701194	3.05
0.055000215550271986	3.06
0.05479558769850848	3.07
0.0545920116747998	3.08
0.05438947838493039	3.09
0.054187978835932224	3.0999999999999996
0.053987504134650054	3.11
0.05378804548633134	3.1199999999999997
0.0535895941932386	3.13
0.05339214165328597	3.1399999999999997
0.053195679358697796	3.15
0.05300019889469016	3.1599999999999997
0.0528056919381724	3.17
0.052612150256472416	3.1799999999999997
0.05241956570608163	3.19
0.0522279302314191	3.1999999999999997
0.05203723586361912	3.21
0.05184747471933556	3.2199999999999998
0.051658638999566964	3.23
0.05147072098850058	3.2399999999999998
0.0512837130523746	3.25
0.051097607638359265	3.26
0.0509123972734557	3.27
0.050728074563411815	3.28
0.05054463219165616	3.29
0.050362062918249455	3.3
0.0501803595788499	3.31
0.049999515083699445	3.32
0.04981952241662087	3.33
0.04964037463403479	3.34
0.049462064863989984	3.3499999999999996
0.04928458630520964	3.36
0.049107932226151715	3.3699999999999997
0.048932095964084356	3.38
0.04875707092417685	3.3899999999999997
0.04858285057860228	3.4
0.04840942846565608	3.4099999999999997
0.048236798188885724	3.42
0.048064953416238045	3.4299999999999997
0.04789388787921452	3.44
0.04772359537204239	3.4499999999999997
0.047554069750858866	3.46
0.047385304932904944	3.4699999999999998
0.04721729489573444	3.48
0.04705003367643302	3.4899999999999998
0.04688351537084964	3.5
0.046717734132839306	3.51
0.0465526841735176	3.52
0.04638835976052537	3.53
0.046224755217305805	3.54
0.04606186492239048	3.55
0.045899683308697474	3.56
0.045738204862839214	3.57
0.04557742412443973	3.58
0.045417335685463515	3.59
0.04525793418955313	3.5999999999999996
0.04509921433137624	3.61
0.04494117085598244	3.6199999999999997
0.04478379855817125	3.63
0.044627092281864324	3.6399999999999997
0.044471046919492566	3.65
0.044315657411388855	3.6599999999999997
0.044160918745188106	3.67
0.04400682595524014	3.6799999999999997
0.04385337412202715	3.69
0.04370055837159061	3.6999999999999997
0.043548373874967496	3.71
0.043396815847631956	3.7199999999999998
0.04324587954894766	3.73
0.04309556028162533	3.7399999999999998
0.04294585339118981	3.75
0.042796754265452784	3.76
0.042648258333994556	3.77
0.04250036106765177	3.78
0.042353057978012316	3.79
0.04220634461691787	3.8
0.04206021657597308	3.81
0.04191466948606086	3.82
0.041769699016863455	3.83
0.04162530087639377	3.84
0.0414814708105287	3.8499999999999996
0.041338204602550215	3.86
0.04119549807269428	3.8699999999999997
0.04105334707770368	3.88
0.04091174751038767	3.8899999999999997
0.040770695299186935	3.9
0.04063018640774572	3.9099999999999997
0.040490216834488224	3.92
0.04035078261220151	3.9299999999999997
0.0402118798076219	3.94
0.04007350452103073	3.9499999999999997
0.03993565288585022	3.96
0.03979832106825018	3.9699999999999998
0.039661505266754715	3.98
0.03952520171185672	3.9899999999999998
0.039389406665637804	4.
0.039254116421391566	4.01
0.039119327303252016	4.02
0.03898503566582663	4.03
0.038851237893835745	4.04
0.03871793040175308	4.05
0.03858510963345493	4.06
0.03845277206186992	4.07
0.038320914188636084	4.08
0.038189532543759765	4.09
0.038058623685281096	4.1
0.03792818419894159	4.109999999999999
0.037798210697856854	4.12
0.03766869982219309	4.13
0.03753964823884722	4.14
0.03741105264113243	4.1499999999999995
0.03728290974846343	4.16
0.037155216306052515	4.17
0.03702796908460032	4.18
0.03690116487999871	4.1899999999999995
0.03677480051303205	4.2
0.03664887282908151	4.21
0.0365233786978387	4.22
0.03639831501301544	4.2299999999999995
0.03627367869206023	4.24
0.036149466675880565	4.25
0.03602567592856205	4.26
0.03590230343709731	4.27
0.035779346211113075	4.28
0.035656801282603505	4.29
0.035534665705665755	4.3
0.03541293655623615	4.31
0.035291610931832564	4.32
0.035170685951298096	4.33
0.03505015875454815	4.34
0.03493002650231918	4.35
0.03481028637592104	4.36
0.03469093557699157	4.37
0.0345719713272544	4.38
0.0344533908682784	4.39
0.03433519146124221	4.3999999999999995
0.0342173703866959	4.41
0.03409992494433062	4.42
0.03398285245274893	4.43
0.03386615024923583	4.4399999999999995
0.033749815689532836	4.45
0.03363384614761624	4.46
0.03351823901547602	4.47
0.033402991702895526	4.4799999999999995
0.033288101637236445	4.49
0.03317356626322409	4.5
0.033059383042733974	4.51
0.03294554945458306	4.52
0.032832062994318664	4.53
0.03271892117401737	4.54
0.03260612152207221	4.55
0.03249366158299894	4.56
0.032381538917229155	4.57
0.0322697511009132	4.58
0.032158295725724644	4.59
0.03204717039866184	4.6
0.03193637274185619	4.61
0.031825900392380355	4.62
0.031715751002055675	4.63
0.03160592223726635	4.64
0.03149641177876965	4.6499999999999995
0.03138721732151164	4.66
0.031278336574442435	4.67
0.031169767260333974	4.68
0.031061507115596746	4.6899999999999995
0.030953553890104225	4.7
0.03084590534700975	4.71
0.030738559262571723	4.72
0.03063151342597744	4.7299999999999995
0.030524765639166927	4.74
0.0304183137166638	4.75
0.03031215548539785	4.76
0.03020628878453742	4.77
0.0301007114653193	4.78
0.029995421390877925	4.79
0.0298904164360813	4.8
0.029785694487360626	4.81
0.029681253442546976	4.82
0.029577091210708766	4.83
0.029473205711982264	4.84
0.02936959487741517	4.85
0.029266256648801312	4.86
0.029163188978520868	4.87
0.029060389829381136	4.88
0.02895785717445481	4.89
0.028855588996924243	4.8999999999999995
0.028753583289922856	4.91
0.028651838056377995	4.92
0.028550351308855772	4.93
0.028449121069401756	4.9399999999999995
0.02834814536939238	4.95
0.028247422249374946	4.96
0.028146949758915855	4.97
0.02804672595644889	4.9799999999999995
0.027946748909118635	4.99
0.027847016692632776	5.
0.02774752739110716	5.01
0.02764827909691568	5.02
0.027549269910536456	5.03
0.027450497940407898	5.04
0.027351961302770417	5.05
0.027253658121520644	5.06
0.0271555865280613	5.07
0.027057744661151472	5.08
0.026960130666755896	5.09
0.02686274269789659	5.1
0.026765578914504307	5.11
0.02666863748326843	5.12
0.026571916577488027	5.13
0.026475414376924994	5.14
0.026379129067649318	5.1499999999999995
0.02628305884189743	5.16
0.026187201897918625	5.17
0.026091556439825192	5.18
0.02599612067744513	5.1899999999999995
0.02590089282617245	5.2
0.02580587110681425	5.21
0.0257110537454453	5.22
0.02561643897325307	5.2299999999999995
0.02552202502638957	5.24
0.025427810145818838	5.25
0.025333792577165865	5.26
0.025239970570563455	5.27
0.025146342380501625	5.28
0.02505290626567056	5.29
0.02495966048881222	5.3
0.024866603316559707	5.31
0.02477373301928707	5.32
0.024681047870949126	5.33
0.024588546148928435	5.34
0.024496226133876343	5.35
0.024404086109551984	5.36
0.024312124362667303	5.37
0.024220339182722782	5.38
0.02412872886184762	5.39
0.02403729169463756	5.3999999999999995
0.023946025977990178	5.41
0.02385493001093999	5.42
0.023764002094493242	5.43
0.02367324053145972	5.4399999999999995
0.023582643626282276	5.45
0.02349220968487048	5.46
0.023401937014424033	5.47
0.023311823923263194	5.4799999999999995
0.023221868720651042	5.49
0.023132069716617788	5.5
0.02304242522178288	5.51
0.02295293354717283	5.52
0.022863593004040065	5.53
0.02277440190367994	5.54
0.0226853585572405	5.55
0.022596461275538347	5.56
0.022507708368864877	5.57
0.02241909814679382	5.58
0.022330628917987264	5.59
0.022242298989994445	5.6
0.022154106669055332	5.61
0.022066050259894603	5.62
0.021978128065516127	5.63
0.021890338386994765	5.64
0.021802679523262584	5.6499999999999995
0.021715149770898317	5.66
0.021627747423904515	5.67
0.02154047077348617	5.68
0.021453318107832946	5.6899999999999995
0.02136628771188062	5.7
0.021279377867087074	5.71
0.021192586851193372	5.72
0.021105912937982998	5.7299999999999995
0.021019354397040578	5.74
0.02093290949350315	5.75
0.020846576487806114	5.76
0.020760353635430866	5.77
0.020674239186638438	5.78
0.020588231386207214	5.79
0.02050232847315881	5.8
0.02041652868048466	5.81
0.02033083023486332	5.82
0.020245231356373575	5.83
0.020159730258200868	5.84
0.020074325146341644	5.85
0.019989014219294044	5.86
0.019903795667752917	5.87
0.01981866767428845	5.88
0.019733628413023074	5.89
0.01964867604930181	5.8999999999999995
0.019563808739351915	5.91
0.019479024629939737	5.92
0.01939432185801606	5.93
0.01930969855035435	5.9399999999999995
0.01922515282318388	5.95
0.019140682781809432	5.96
0.019056286520224133	5.97
0.018971962120716356	5.9799999999999995
0.018887707653461608	5.99
0.018803521176109103	6.
0.018719400733354558	6.01
0.018635344356505976	6.02
0.018551350063037545	6.03
0.018467415856129533	6.04
0.018383539724199555	6.05
0.018299719640421704	6.06
0.018215953562229603	6.07
0.018132239430812	6.08
0.018048575170590043	6.09
0.01796495868868287	6.1
0.01788138787435759	6.11
0.017797860598464763	6.12
0.01771437471285933	6.13
0.01763092804980297	6.14
0.017547518421350567	6.15
0.017464143618720805	6.16
0.017380801411644657	6.17
0.017297489547699718	6.18
0.017214205751621404	6.1899999999999995
0.017130947724596533	6.2
0.017047713143531495	6.21
0.016964499660302102	6.22
0.01688130490098145	6.2299999999999995
0.016798126465038688	6.24
0.016714961924517328	6.25
0.016631808823187506	6.26
0.016548664675670215	6.27
0.01646552696653067	6.28
0.016382393149350215	6.29
0.01629926064575987	6.3
0.01621612684444567	6.31
0.016132989100123025	6.32
0.01604984473247191	6.33
0.015966691025040607	6.34
0.015883525224108484	6.35
0.01580034453751197	6.36
0.015717146133429602	6.37
0.01563392713912218	6.38
0.015550684639632125	6.39
0.015467415676433387	6.4
0.015384117246032458	6.41
0.015300786298521406	6.42
0.01521741973607535	6.43
0.015134014411394522	6.4399999999999995
0.015050567126088744	6.45
0.014967074629000859	6.46
0.014883533614465596	6.47
0.014799940720502806	6.4799999999999995
0.01471629252693731	6.49
0.014632585553450194	6.5
0.014548816257548008	6.51
0.014464981032453108	6.52
0.014381076204911235	6.53
0.014297098032901676	6.54
0.014213042703265448	6.55
0.014128906329221745	6.56
0.014044684947792473	6.57
0.013960374517107514	6.58
0.013875970913600894	6.59
0.013791469929083798	6.6
0.013706867267689863	6.61
0.013622158542685406	6.62
0.013537339273137008	6.63
0.013452404880431125	6.64
0.013367350684634415	6.65
0.013282171900685563	6.66
0.013196863634409934	6.67
0.013111420878350512	6.68
0.013025838507396558	6.6899999999999995
0.012940111274205615	6.7
0.012854233804402145	6.71
0.012768200591540619	6.72
0.012682005991819316	6.7299999999999995
0.012595644218528768	6.74
0.01250910933621783	6.75
0.012422395254562285	6.76
0.012335495721912303	6.77
0.012248404318504151	6.78
0.012161114449309708	6.79
0.0120736193364992	6.8
0.011985912011497986	6.81
0.011897985306602325	6.82
0.011809831846128951	6.83
0.011721444037063178	6.84
0.011632814059173264	6.85
0.011543933854552638	6.86
0.011454795116545702	6.87
0.011365389278017142	6.88
0.01127570749891309	6.89
0.011185740653063712	6.9
0.011095479314166516	6.91
0.01100491374089137	6.92
0.01091403386103701	6.93
0.010822829254663676	6.9399999999999995
0.010731289136120337	6.95
0.010639402334878938	6.96
0.010547157275074113	6.97
0.010454541953642484	6.9799999999999995
0.010361543916940972	6.99
0.010268150235714696	7.
0.010174347478270087	7.01
0.01008012168168831	7.02
0.00998545832091349	7.03
0.009890342275505276	7.04
0.009794757793850618	7.05
0.009698688454584626	7.06
0.00960211712495596	7.07
0.009505025915831836	7.08
0.009407396133008594	7.09
0.009309208224450227	7.1
0.009210441723030005	7.11
0.00911107518429956	7.12
0.009011086118749925	7.13
0.008910450917953748	7.14
0.008809144773903618	7.15
0.008707141590764753	7.16
0.008604413888153646	7.17
0.008500932694925072	7.18
0.008396667432310068	7.1899999999999995
0.008291585785071455	7.2
0.008185653559135853	7.21
0.008078834523940927	7.22
0.007971090237435016	7.2299999999999995
0.007862379851346305	7.24
0.007752659893939123	7.25
0.007641884026991457	7.26
0.007530002773166331	7.27
0.007416963209240754	7.28
0.0073027086198438245	7.29
0.0071871781052909	7.3
0.007070306135887169	7.31
0.006952022043477914	7.32
0.006832249439129996	7.33
0.006710905543397154	7.34
0.006587900412600454	7.35
0.0064631360407064065	7.36
0.006336505311481104	7.37
0.00620789076927081	7.38
0.006077163168548212	7.39
0.0059441797515689615	7.4
0.005808782189221903	7.41
0.0056707941009544825	7.42
0.005530018043732722	7.43
0.005386231824236998	7.4399999999999995
0.0052391839387575835	7.45
0.005088587874775326	7.46
0.004934114906751482	7.47
0.004775384869637384	7.4799999999999995
0.004611954170500923	7.49
0.0044432999559006585	7.5
0.0042687988130924535	7.51
0.004087697506618082	7.52
0.0038990717792574915	7.53
0.0037017666712018315	7.54
0.0034943070931645888	7.55
0.003274758250784555	7.56
0.003040496584005381	7.57
0.0027878092271829977	7.58
0.0025111329819004695	7.59
0.002201433673765892	7.6
0.001842120966830521	7.61
0.001395368284708008	7.62
0.000712183197568577	7.63
5.965813514157e-19	7.64
2.798404924706137e-19	7.65
7.177434825235159e-19	7.66
0.	7.67
8.148097298398671e-19	7.68
1.1647483494507905e-18	7.6899999999999995
1.1225678283806763e-18	7.7
-1.090436297773381e-18	7.71
0.	7.72
3.484418254597386e-19	7.7299999999999995
1.3722716925433e-18	7.74
3.386977657241255e-19	7.75
1.3405049366975749e-18	7.76
1.3288099556656336e-18	7.77
0.	7.78
1.3114798670464402e-18	7.79
0.	7.8
-6.501289337414132e-19	7.81
6.482071237399884e-19	7.82
0.	7.83
0.	7.84
1.935435698817851e-18	7.85
0.	7.86
1.9346363805400668e-18	7.87
6.451718437161755e-19	7.88
2.582854682765814e-18	7.89
1.9394468622595535e-18	7.9
1.942375888097412e-18	7.91
1.945878255346293e-18	7.92
-6.499701157143735e-19	7.93
6.514779436006276e-19	7.94
3.918829779749733e-18	7.95
-1.3098823920400444e-18	7.96
3.2843888985002814e-18	7.97
0.	7.9799999999999995
-1.3222425393552982e-18	7.99
3.31707407315956e-18	8.
0.	8.01
0.	8.02
0.	8.03
2.694432810326474e-18	8.04
-1.352778865421813e-18	8.05
0.	8.06
-3.411031559148898e-18	8.07
6.852361218878399e-19	8.08
8.948464236224531e-18	8.09
5.532206963933644e-18	8.1
2.0843443571116594e-18	8.11
2.7924330707914905e-18	8.12
4.209027662315047e-18	8.13
4.2298136018962024e-18	8.14
4.250999018123877e-18	8.15
2.136288152534182e-18	8.16
5.010295024455044e-18	8.17
6.475319530330004e-18	8.18
6.5093910300993514e-18	8.19
-1.4542255336733228e-18	8.2
1.4620409913396179e-18	8.209999999999999
1.4699763934312155e-18	8.22
-1.4780305745059287e-18	8.23
5.201708795058035e-18	8.24
5.97796528475771e-18	8.25
9.76882554650997e-18	8.26
9.824208027670268e-18	8.27
-1.5200519339666858e-18	8.28
3.822004383063734e-18	8.29
-1.537665748635187e-18	8.3
7.733218425185313e-19	8.31
1.5557354161001052e-18	8.32
3.1298817598882145e-18	8.33
1.0232690618612149e-17	8.34
-3.959232893097683e-18	8.35
-7.16958105826013e-18	8.36
1.6029015685408259e-18	8.37
4.8380323942973945e-18	8.38
-4.867704889846265e-18	8.39
4.081436249900503e-18	8.4
2.464044857606725e-18	8.41
-1.6529350681077004e-18	8.42
4.158226506964175e-18	8.43
-4.184409613856347e-18	8.44
5.895244323028422e-18	8.45
0.	8.459999999999999
1.1941281335530746e-17	8.47
1.7168491834949287e-18	8.48
3.455845777839815e-18	8.49
8.69559716255965e-18	8.5
0.	8.51
1.4095081686116924e-17	8.52
5.3203699661336765e-18	8.53
5.35546607188395e-18	8.54
7.187930166350921e-18	8.55
-5.426818442931362e-18	8.56
1.6389247461493548e-17	8.57
1.099948772161843e-17	8.58
5.536806809861946e-18	8.59
9.290459538880437e-18	8.6
5.61215513374187e-18	8.61
3.766966478556475e-18	8.62
9.481940495788785e-18	8.63
5.728303840678204e-18	8.64
7.690497950543524e-18	8.65
1.935959476145631e-18	8.66
3.898882767975394e-18	8.67
-1.9630720667818925e-18	8.68
1.1861120588999055e-17	8.69
-3.9815748743379726e-18	8.7
-4.009752191215203e-18	8.71
4.038242944466251e-18	8.72
6.100577060726561e-18	8.73
8.192363659447e-18	8.74
6.1884581629257295e-18	8.75
2.0777133941423257e-18	8.76
2.092775281671539e-18	8.77
1.6864059656738924e-17	8.78
1.2740474328033079e-17	8.79
1.711194083191551e-17	8.8
6.464252093789088e-18	8.81
6.5120679820901146e-18	8.82
1.0934056079550627e-17	8.83
-4.406238309568585e-18	8.84
-8.878464017309631e-18	8.85
1.3417828173840803e-17	8.86
-2.2531882322931966e-18	8.87
-2.270269692052959e-18	8.88
1.3725313372447668e-17	8.89
2.305039074148244e-18	8.9
-6.96820061998272e-18	8.91
-2.3406390200154684e-18	8.92
9.435035968399847e-18	8.93
1.4262582123149726e-17	8.94
4.791313516547962e-18	8.95
1.4486651696730425e-17	8.96
7.300369295341939e-18	8.97
2.4527041391971865e-18	8.98
9.888756418319846e-18	8.99
9.9676618501346e-18	9.
-5.023774904625922e-18	9.01
1.5192656525193824e-17	9.02
0.	9.03
2.573321239509858e-18	9.04
-2.5943203508744715e-18	9.05
-5.231175940976912e-18	9.06
7.911387100489348e-18	9.07
2.6589486035807217e-18	9.08
0.	9.09
1.3517220931333323e-17	9.1
1.0904524021525527e-17	9.11
1.3745589766646717e-17	9.12
8.317232397688013e-18	9.13
1.1184061868068553e-17	9.14
5.639876081063348e-18	9.15
1.1376739074696911e-17	9.16
1.4343810354580753e-17	9.17
5.7873530858631665e-18	9.18
1.7513609775004008e-17	9.19
0.	9.2
2.828211221769434e-17	9.21
1.4984222734814315e-17	9.22
1.5117751987404948e-17	9.23
3.0506370405990988e-18	9.24
-6.156224970664937e-18	9.25
-3.105984971718126e-18	9.26
2.3577987134429627e-17	9.27
1.5814776171828597e-17	9.28
6.3841414434090534e-18	9.29
6.4432373823742076e-18	9.3
-6.5032173378242835e-18	9.31
1.969230280351802e-17	9.32
0.	9.33
3.51978651417845e-17	9.34
2.878174491058105e-17	9.35
3.5875600591230806e-17	9.36
1.032420487487412e-17	9.37
1.737388922919622e-17	9.38
-7.017367102475286e-18	9.39
3.7296156853409264e-17	9.4
3.5781339445981305e-18	9.41
0.	9.42
1.4599431941460363e-17	9.43
2.7750737793570944e-17	9.44
-1.4895871319989758e-17	9.45
2.2571727166878356e-17	9.46
1.140174958656168e-17	9.47
1.535948033916188e-17	9.48
3.8798320040548195e-18	9.49
0.	9.5
0.	9.51
-2.0019724440980228e-17	9.52
0.	9.53
1.6361589757457565e-17	9.54
2.700224955135328e-17	9.55
-4.1800067614502285e-18	9.56
1.690419738381446e-17	9.57
-4.2729476898273965e-18	9.58
2.822117581353086e-17	9.59
4.369408266677091e-18	9.6
1.7676084427211413e-17	9.61
3.366672911265996e-17	9.62
-4.521145782374308e-18	9.63
2.9879780658119395e-17	9.64
1.8509306742605957e-17	9.65
3.995383971786484e-17	9.66
3.5693424126390116e-17	9.67
1.438423650308843e-17	9.68
9.705717084225805e-18	9.69
-9.824369846461639e-18	9.7
9.94552577914511e-18	9.71
3.7936306820344117e-17	9.72
0.	9.73
0.	9.74
5.22841434451817e-18	9.75
3.46145458941425e-17	9.76
4.579660854559344e-17	9.77
-1.0870861314445131e-17	9.78
0.	9.79
3.6487030462341393e-17	9.8
-2.8285401546469307e-17	9.81
2.293794387398087e-17	9.82
1.7441276393367563e-17	9.83
2.357986806328929e-17	9.84
-1.7934546625267302e-17	9.85
4.5710796708672486e-17	9.86
4.637168733787347e-17	9.87
4.080889660573791e-17	9.88
2.5330698068944454e-17	9.89
6.774018403492222e-17	9.9
8.181216309086229e-17	9.91
1.3247418259188917e-17	9.92
5.071753401507343e-17	9.93
-2.732484706017569e-17	9.94
6.620814966520467e-17	9.95
1.4101150183276627e-17	9.96
7.165026429711629e-18	9.97
2.1848533127645444e-17	9.98
4.8437882628085167e-17	9.99
3.011676590233885e-17	10.