0.01	0.
0.02	-6.888452728029344e-17
0.03	-4.3060861431750576e-16
0.04	-1.7086572636997843e-16
0.05	5.990762210619495e-17
0.060000000000000005	9.484990578168477e-17
0.06999999999999999	5.3985726226837653e-17
0.08	-6.07766871193826e-17
0.09	0.
0.09999999999999999	-7.494968315482563e-17
0.11	-8.252736629195846e-17
0.12	-3.159087979881724e-17
0.13	0.
0.14	0.14421163372644183
0.15000000000000002	0.1942930971821576
0.16	0.2241363074811421
0.17	0.24379937646328367
0.18000000000000002	0.2572704440004644
0.19	0.2666250138805211
0.2	0.2730958118181252
0.21000000000000002	0.27747522873269803
0.22	0.2803002733011301
0.23	0.2819489937763607
0.24000000000000002	0.2826953086232883
0.25	0.2827422298119867
0.26	0.2822429923266211
0.27	0.28131501508887796
0.28	0.28004941494222346
0.29000000000000004	0.27851765816366153
0.3	0.2767763120813766
0.31	0.27487050267659385
0.32	0.27283647112974496
0.33	0.2707034908042914
0.34	0.26849532259363595
0.35000000000000003	0.26623133207827043
0.36000000000000004	0.2639273556311072
0.37	0.2615963779309735
0.38	0.25924906627646893
0.39	0.25689419510175926
0.4	0.25453898555213583
0.41000000000000003	0.2521893788108089
0.42000000000000004	0.24985025736546906
0.43	0.24752562507931408
0.44	0.24521875445346059
0.45	0.24293230760349496
0.46	0.24066843605855245
0.47000000000000003	0.2384288634096927
0.48000000000000004	0.2362149540010138
0.49	0.23402777021053442
0.5	0.23186812036323068
0.51	0.22973659892212442
0.52	0.22763362029016806
0.53	0.2255594473068928
0.54	0.22351421532520602
0.55	0.22149795259438362
0.56	0.21951059754694327
0.5700000000000001	0.21755201348311237
0.5800000000000001	0.21562200106226811
0.59	0.21372030894161162
0.6	0.21184664284611748
0.61	0.21000067330728128
0.62	0.20818204226991469
0.63	0.20639036873475455
0.64	0.20462525357811576
0.65	0.20288628366816175
0.66	0.2011730353790892
0.67	0.19948507758904355
0.68	0.19782197423516196
0.6900000000000001	0.1961832864877211
0.7000000000000001	0.1945685745971392
0.7100000000000001	0.19297739945808715
0.72	0.19140932393332932
0.73	0.1898639139647367
0.74	0.18834073950640723
0.75	0.18683937530085437
0.76	0.18535940152137162
0.77	0.18390040429804408
0.78	0.18246197614404364
0.79	0.18104371629554308
0.8	0.17964523097737475
0.81	0.17826613360476093
0.8200000000000001	0.17690604492995182
0.8300000000000001	0.17556459314163778
0.8400000000000001	0.1742414139239048
0.85	0.1729361504804888
0.86	0.171648453529493
0.87	0.17037798127300605
0.88	0.1691243993454096
0.89	0.16788738074374646
0.9	0.1666666057430741
0.91	0.16546176179932973
0.92	0.16427254344181708
0.93	0.16309865215736719
0.9400000000000001	0.16193979626767427
0.9500000000000001	0.16079569080136635
0.9600000000000001	0.1596660573619657
0.97	0.15855062399285133
0.98	0.157449125040144
0.99	0.1563613010143021
1.	0.1552868984511222
1.01	0.15422566977273539
1.02	0.15317737314909938
1.03	0.15214177236040097
1.04	0.15111863666074807
1.05	0.15010774064345395
1.06	0.14910886410816365
1.07	0.14812179193000008
1.08	0.14714631393098707
1.09	0.1461822247538058
1.1	0.14522932373802516
1.11	0.14428741479890267
1.12	0.14335630630880788
1.1300000000000001	0.1424358109813058
1.1400000000000001	0.1415257457579617
1.1500000000000001	0.14062593169781373
1.1600000000000001	0.1397361938696056
1.17	0.13885636124670042
1.18	0.13798626660468152
1.19	0.137125746421623
1.2	0.13627464078099508
1.21	0.13543279327716412
1.22	0.1346000509234345
1.23	0.13377626406262474
1.24	0.1329612862800795
1.25	0.13215497431912956
1.26	0.13135718799887477
1.27	0.1305677901343043
1.28	0.12978664645865873
1.29	0.12901362554800058
1.3	0.1282485987479098
1.31	0.12749144010230218
1.32	0.12674202628425604
1.33	0.12600023652881678
1.34	0.12526595256776432
1.35	0.12453905856619453
1.36	0.12381944106098633
1.37	0.12310698890098042
1.3800000000000001	0.12240159318891024
1.3900000000000001	0.1217031472249846
1.4000000000000001	0.12101154645209754
1.4100000000000001	0.12032668840259408
1.42	0.11964847264658333
1.43	0.11897680074170086
1.44	0.11831157618432729
1.45	0.11765270436218327
1.46	0.11700009250828165
1.47	0.11635364965617633
1.48	0.11571328659648802
1.49	0.1150789158346497
1.5	0.11445045154984376
1.51	0.11382780955509657
1.52	0.11321090725849081
1.53	0.1125996636254562
1.54	0.11199399914210917
1.55	0.1113938357796294
1.56	0.1107990969595922
1.57	0.11020970752028016
1.58	0.1096255936839175
1.59	0.10904668302479276
1.6	0.10847290443826725
1.61	0.10790418811060805
1.62	0.10734046548966207
1.6300000000000001	0.10678166925629955
1.6400000000000001	0.10622773329664907
1.6500000000000001	0.10567859267505769
1.6600000000000001	0.10513418360778394
1.6700000000000002	0.1045944434373961
1.68	0.10405931060783666
1.69	0.10352872464015751
1.7	0.10300262610888505
1.71	0.10248095661901642
1.72	0.10196365878360299
1.73	0.1014506762019323
1.74	0.10094195343825589
1.75	0.10043743600108809
1.76	0.0999370703230267
1.77	0.09944080374108537
1.78	0.0989485844775319
1.79	0.09846036162122837
1.8	0.09797608510941315
1.81	0.09749570570997047
1.82	0.09701917500413215
1.83	0.09654644536960595
1.84	0.0960774699641402
1.85	0.09561220270948875
1.86	0.09515059827576147
1.87	0.09469261206617566
1.8800000000000001	0.09423820020217481
1.8900000000000001	0.09378731950890758
1.9000000000000001	0.09333992750106432
1.9100000000000001	0.09289598236905333
1.9200000000000002	0.09245544296551324
1.93	0.09201826879214545
1.94	0.09158441998686613
1.95	0.09115385731125904
1.96	0.09072654213833077
1.97	0.09030243644055401
1.98	0.08988150277818628
1.99	0.08946370428787502
2.	0.08904900467151496
2.01	0.0886373681853749
2.02	0.08822875962946979
2.03	0.0878231443371805
2.04	0.08742048816511387
2.05	0.08702075748318928
2.0599999999999996	0.08662391916495987
2.07	0.08622994057814236
2.0799999999999996	0.08583878957537121
2.09	0.08545043448515399
2.0999999999999996	0.0850648441030375
2.11	0.08468198768295772
2.1199999999999997	0.08430183492879811
2.13	0.08392435598612605
2.1399999999999997	0.08354952143411061
2.15	0.08317730227762675
2.1599999999999997	0.0828076699395196
2.17	0.08244059625305039
2.1799999999999997	0.0820760534545013
2.19	0.08171401417593632
2.1999999999999997	0.08135445143812757
2.21	0.08099733864362352
2.2199999999999998	0.08064264956997572
2.23	0.08029035836310151
2.2399999999999998	0.07994043953079408
2.25	0.0795928679363644
2.26	0.07924761879242459
2.27	0.07890466765479287
2.28	0.07856399041653624
2.29	0.07822556330212672
2.3	0.07788936286172807
2.31	0.07755536596559798
2.32	0.07722354979860277
2.3299999999999996	0.07689389185484742
2.34	0.07656636993241844
2.3499999999999996	0.07624096212822719
2.36	0.07591764683296523
2.3699999999999997	0.07559640272615706
2.38	0.07527720877131437
2.3899999999999997	0.07496004421118864
2.4	0.0746448885631168
2.4099999999999997	0.07433172161446298
2.42	0.0740205234181473
2.4299999999999997	0.07371127428826757
2.44	0.07340395479580238
2.4499999999999997	0.07309854576440489
2.46	0.07279502826627292
2.4699999999999998	0.07249338361810453
2.48	0.07219359337713141
2.4899999999999998	0.07189563933722773
2.5	0.07159950352509593
2.51	0.07130516819652502
2.52	0.0710126158327214
2.53	0.07072182913671035
2.54	0.07043279102980686
2.55	0.07014548464814949
2.56	0.06985989333930637
2.57	0.06957600065894037
2.5799999999999996	0.06929379036753998
2.59	0.06901324642720837
2.5999999999999996	0.06873435299851789
2.61	0.06845709443741697
2.6199999999999997	0.06818145529219882
2.63	0.06790742030052595
2.6399999999999997	0.06763497438650717
2.65	0.06736410265783149
2.6599999999999997	0.0670947904029512
2.67	0.06682702308832007
2.6799999999999997	0.06656078635568094
2.69	0.06629606601939943
2.6999999999999997	0.06603284806385072
2.71	0.06577111864084963
2.7199999999999998	0.06551086406713053
2.73	0.0652520708218682
2.7399999999999998	0.0649947255442475
2.75	0.06473881503107218
2.76	0.06448432623442082
2.77	0.06423124625933986
2.78	0.06397956236157842
2.79	0.06372926194536711
2.8	0.06348033256122924
2.81	0.06323276190383553
2.82	0.06298653780989369
2.8299999999999996	0.06274164825607546
2.84	0.06249808135697963
2.8499999999999996	0.06225582536313014
2.86	0.06201486865900775
2.8699999999999997	0.061775199761118296
2.88	0.06153680731609082
2.8899999999999997	0.061299680098809636
2.9	0.061063807010577995
2.9099999999999997	0.06082917707731342
2.92	0.060595779447772946
2.9299999999999997	0.060363603391808636
2.94	0.060132638298651335
2.9499999999999997	0.05990287367522614
2.96	0.05967429914449149
2.9699999999999998	0.0594469044438102
2.98	0.059220679423345794
2.9899999999999998	0.05899561404448415
3.	0.0587716983782839
3.01	0.05854892260395017
3.02	0.0583272770073345
3.03	0.0581067519794591
3.04	0.057887338015064016
3.05	0.05766902571118056
3.06	0.057451805765724985
3.07	0.05723566897611713
3.08	0.05702060623791986
3.09	0.0568066085435015
3.0999999999999996	0.05659366698071867
3.11	0.056381772731621295
3.1199999999999997	0.05617091707117668
3.13	0.0559610913660165
3.1399999999999997	0.055752287073200124
3.15	0.05554449573900077
3.1599999999999997	0.05533770899770914
3.17	0.055131918570455185
3.1799999999999997	0.05492711626405042
3.19	0.05472329396984626
3.1999999999999997	0.054520443662611745
3.21	0.054318557399427446
3.2199999999999998	0.05411762731859714
3.23	0.053917645638576386
3.2399999999999998	0.053718604656917
3.25	0.05352049674922793
3.26	0.053323314368153685
3.27	0.053127050042364087
3.28	0.052931696375565725
3.29	0.05273724604552154
3.3	0.052543691803090646
3.31	0.05235102647127994
3.32	0.05215924294431057
3.33	0.051968334186698065
3.34	0.05177829323234768
3.3499999999999996	0.05158911318366059
3.36	0.051400787210656704
3.3699999999999997	0.05121330855010654
3.38	0.05102667050468005
3.3899999999999997	0.050840866442105004
3.4	0.05065588979433863
3.4099999999999997	0.05047173405675205
3.42	0.05028839278732607
3.4299999999999997	0.050105859605857964
3.44	0.049924128193181205
3.4499999999999997	0.04974319229039506
3.46	0.049563045698107294
3.4699999999999998	0.04938368227568492
3.48	0.04920509594051853
3.4899999999999998	0.049027280667295794
3.5	0.04885023048728351
3.51	0.04867393948762469
3.52	0.04849840181064098
3.53	0.04832361165314639
3.54	0.04814956326577201
3.55	0.047976250952298065
3.56	0.047803669068997336
3.57	0.04763181202398634
3.58	0.047460674276585346
3.59	0.047290250336689335
3.5999999999999996	0.04712053476414506
3.61	0.04695152216813784
3.6199999999999997	0.046783207206587754
3.63	0.046615584585552566
3.6399999999999997	0.0464486490586388
3.65	0.04628239542642247
3.6599999999999997	0.046116818535875855
3.67	0.04595191327980328
3.6799999999999997	0.04578767459628208
3.69	0.04562409746811678
3.6999999999999997	0.045461176922292866
3.71	0.04529890802944335
3.7199999999999998	0.045137285903321916
3.73	0.04497630570027999
3.7399999999999998	0.044815962618752425
3.75	0.04465625189875253
3.76	0.044497168821369275
3.77	0.044338708708274735
3.78	0.04418086692123341
3.79	0.04402363886162348
3.8	0.043867019969961986
3.81	0.04371100572543348
3.82	0.04355559164542862
3.83	0.04340077328508542
3.84	0.04324654623684008
3.8499999999999996	0.043092906129979215
3.86	0.04293984863020081
3.8699999999999997	0.04278736943918078
3.88	0.04263546429414106
3.8899999999999997	0.04248412896742814
3.9	0.0423333592660956
3.9099999999999997	0.04218315103148646
3.92	0.04203350013883068
3.9299999999999997	0.04188440249683664
3.94	0.041735854047297634
3.9499999999999997	0.041587850764694095
3.96	0.041440388655807466
3.9699999999999998	0.04129346375933743
3.98	0.04114707214551812
3.9899999999999998	0.0410012099157477
4.	0.04085587320221485
4.01	0.040711058167535286
4.02	0.04056676100438873
4.03	0.04042297793516025
4.04	0.04027970521158781
4.05	0.040136939114415335
4.06	0.03999467595304412
4.07	0.03985291206519144
4.08	0.03971164381655661
4.09	0.03957086760048546
4.1	0.039430579837637925
4.109999999999999	0.03929077697566646
4.12	0.039151455488890485
4.13	0.03901261187797952
4.14	0.0388742426696348
4.1499999999999995	0.03873634441628077
4.16	0.038598913695753294
4.17	0.038461947110997416
4.18	0.038325441289762854
4.1899999999999995	0.038189392884307116
4.2	0.03805379857109805
4.21	0.03791865505052311
4.22	0.03778395904659805
4.2299999999999995	0.037649707306682385
4.24	0.0375158966011953
4.25	0.03738252372333263
4.26	0.037249585488793265
4.27	0.03711707873550039
4.28	0.03698500032333135
4.29	0.036853347133846415
4.3	0.03672211607002434
4.31	0.0365913040559952
4.32	0.036460908036778504
4.33	0.036330924978027576
4.34	0.03620135186576814
4.35	0.036072185706145746
4.36	0.03594342352517323
4.37	0.03581506236848157
4.38	0.035687099301072084
4.39	0.035559531407067746
4.3999999999999995	0.03543235578947556
4.41	0.035305569569941866
4.42	0.0351791698885123
4.43	0.03505315390339738
4.4399999999999995	0.03492751879073474
4.45	0.03480226174436053
4.46	0.03467737997557063
4.47	0.034552870712900675
4.4799999999999995	0.03442873120188969
4.49	0.03430495870486011
4.5	0.03418155050068932
4.51	0.03405850388459279
4.52	0.03393581616789817
4.53	0.03381348467782912
4.54	0.033691506757285605
4.55	0.03356987976462965
4.56	0.03344860107347088
4.57	0.033327668072452854
4.58	0.033207078165038706
4.59	0.03308682876930782
4.6	0.03296691731773772
4.61	0.03284734125700467
4.62	0.03272809804777179
4.63	0.03260918516448647
4.64	0.03249060009517405
4.6499999999999995	0.03237234034123877
4.66	0.03225440341725635
4.67	0.03213678685077908
4.68	0.0320194881821313
4.6899999999999995	0.03190250496421336
4.7	0.03178583476230351
4.71	0.03166947515385706
4.72	0.031553423728317556
4.7299999999999995	0.03143767808691583
4.74	0.031322235842476724
4.75	0.031207094619224048
4.76	0.03109225205259232
4.77	0.03097770578902777
4.78	0.03086345348580221
4.79	0.030749492810816202
4.8	0.030635821442413814
4.81	0.030522437069190406
4.82	0.03040933738979955
4.83	0.030296520112768583
4.84	0.03018398295630705
4.85	0.030071723648117547
4.86	0.029959739925208617
4.87	0.02984802953370627
4.88	0.02973659022866661
4.89	0.02962541977388581
4.8999999999999995	0.029514515941714146
4.91	0.02940387651286877
4.92	0.02929349927624468
4.93	0.029183382028728458
4.9399999999999995	0.029073522575007615
4.95	0.028963918727388734
4.96	0.028854568305601444
4.97	0.02874546913661855
4.9799999999999995	0.02863661905445889
4.99	0.028528015900005747
5.	0.02841965752081441
5.01	0.028311541770922374
5.02	0.028203666510660905
5.03	0.028096029606461785
5.04	0.02798862893066897
5.05	0.02788146236134513
5.06	0.02777452778207922
5.07	0.027667823081794413
5.08	0.027561346154552156
5.09	0.02745509489935982
5.1	0.027349067219970692
5.11	0.027243261024693544
5.12	0.02713767422618695
5.13	0.0270323047412679
5.14	0.026927150490706625
5.1499999999999995	0.026822209399026273
5.16	0.026717479394301927
5.17	0.026612958407955106
5.18	0.02650864437454751
5.1899999999999995	0.026404535231576036
5.2	0.026300628919262884
5.21	0.02619692338034614
5.22	0.026093416559865218
5.2299999999999995	0.025990106404950416
5.24	0.025886990864605858
5.25	0.025784067889489892
5.26	0.025681335431698198
5.27	0.02557879144453907
5.28	0.025476433882311925
5.29	0.02537426070007676
5.3	0.02527226985343015
5.31	0.025170459298269752
5.32	0.025068826990559463
5.33	0.02496737088609586
5.34	0.024866088940266883
5.35	0.024764979107807002
5.36	0.02466403934255243
5.37	0.0245632675971947
5.38	0.024462661823023882
5.39	0.024362219969674106
5.3999999999999995	0.024261939984865758
5.41	0.02416181981414097
5.42	0.024061857400597023
5.43	0.023962050684612685
5.4399999999999995	0.0238623976035779
5.45	0.023762896091610322
5.46	0.023663544079274814
5.47	0.0235643394932897
5.4799999999999995	0.02346528025624209
5.49	0.023366364286280847
5.5	0.0232675894968194
5.51	0.023168953796224964
5.52	0.023070455087506728
5.53	0.02297209126799165
5.54	0.02287386022900596
5.55	0.02277575985553772
5.56	0.022677788025902354
5.57	0.022579942611397782
5.58	0.02248222147595436
5.59	0.02238462247577571
5.6	0.022287143458973577
5.61	0.022189782265198778
5.62	0.02209253672525586
5.63	0.021995404660721325
5.64	0.0218983838835385
5.6499999999999995	0.021801472195624203
5.66	0.021704667388442938
5.67	0.021607967242595987
5.68	0.021511369527375607
5.6899999999999995	0.02141487200033694
5.7	0.021318472406835202
5.71	0.02122216847956546
5.72	0.0211259579380921
5.7299999999999995	0.02102983848835774
5.74	0.02093380782219462
5.75	0.020837863616803017
5.76	0.020742003534242142
5.77	0.020646225220889425
5.78	0.020550526306889645
5.79	0.02045490440559771
5.8	0.02035935711299742
5.81	0.020263882007112387
5.82	0.020168476647396533
5.83	0.020073138574108113
5.84	0.019977865307673665
5.85	0.01988265434802213
5.86	0.0197875031739165
5.87	0.019692409242249242
5.88	0.019597369987334207
5.89	0.019502382820164994
5.8999999999999995	0.019407445127660947
5.91	0.019312554271888292
5.92	0.01921770758925658
5.93	0.019122902389691228
5.9399999999999995	0.01902813595578645
5.95	0.01893340554192813
5.96	0.018838708373384895
5.97	0.018744041645385907
5.9799999999999995	0.01864940252215302
5.99	0.018554788135912298
6.	0.01846019558587383
6.01	0.018365621937173747
6.02	0.01827106421978904
6.03	0.018176519427406203
6.04	0.018081984516266213
6.05	0.017987456403958865
6.06	0.017892931968182372
6.07	0.01779840804546232
6.08	0.017703881429820774
6.09	0.017609348871403818
6.1	0.01751480707506011
6.11	0.017420252698869435
6.12	0.01732568235261619
6.13	0.01723109259621218
6.14	0.017136479938058388
6.15	0.01704184083334975
6.16	0.01694717168231511
6.17	0.01685246882838907
6.18	0.01675772855632105
6.1899999999999995	0.01666294709020876
6.2	0.016568120591452136
6.21	0.01647324515663756
6.22	0.016378316815327382
6.2299999999999995	0.016283331527770832
6.24	0.016188285182519017
6.25	0.016093173593948323
6.26	0.015997992499672025
6.27	0.01590273755786027
6.28	0.015807404344435262
6.29	0.01571198835015637
6.3	0.015616484977578962
6.31	0.015520889537884669
6.32	0.015425197247568636
6.33	0.015329403224990648
6.34	0.015233502486766437
6.35	0.015137489944001683
6.36	0.015041360398353744
6.37	0.014945108537915546
6.38	0.014848728932909649
6.39	0.014752216031179042
6.4	0.014655564153471154
6.41	0.014558767488489822
6.42	0.014461820087716588
6.43	0.014364715859973991
6.4399999999999995	0.014267448565725082
6.45	0.014170011811087938
6.46	0.014072399041549383
6.47	0.013974603535357856
6.4799999999999995	0.013876618396576376
6.49	0.013778436547774841
6.5	0.013680050722335546
6.51	0.013581453456347597
6.52	0.013482637080066208
6.53	0.013383593708904585
6.54	0.013284315233922796
6.55	0.013184793311791862
6.56	0.013085019354182399
6.57	0.012984984516545523
6.58	0.012884679686240977
6.59	0.012784095469964564
6.6	0.012683222180426279
6.61	0.01258204982221909
6.62	0.012480568076822556
6.63	0.012378766286673155
6.64	0.012276633438228485
6.65	0.012174158143949676
6.66	0.012071328623112321
6.67	0.011968132681356597
6.68	0.011864557688868706
6.6899999999999995	0.01176059055708426
6.7	0.011656217713786136
6.71	0.011551425076463413
6.72	0.011446198023776848
6.7299999999999995	0.011340521364967247
6.74	0.011234379307020863
6.75	0.011127755419387672
6.76	0.011020632596028616
6.77	0.01091299301453861
6.78	0.010804818092064104
6.79	0.010696088437708345
6.8	0.01058678380107022
6.81	0.01047688301653244
6.82	0.010366363942858154
6.83	0.010255203397605647
6.84	0.010143377085810035
6.85	0.010030859522307917
6.86	0.009917623946997849
6.87	0.009803642232236242
6.88	0.009688884781462497
6.89	0.009573320418019284
6.9	0.009456916262972593
6.91	0.009339637600595288
6.92	0.009221447729939306
6.93	0.009102307800711635
6.9399999999999995	0.008982176631372423
6.95	0.00886101050705563
6.96	0.008738762954506566
6.97	0.008615384490758219
6.9799999999999995	0.008490822341720501
6.99	0.008365020126158744
7.	0.008237917499716158
7.01	0.00810944975264871
7.02	0.007979547353690325
7.03	0.007848135430993804
7.04	0.007715133179202923
7.05	0.007580453179407804
7.06	0.00744400061582612
7.07	0.0073056723694178115
7.08	0.007165355963946936
7.09	0.007022928334077375
7.1	0.006878254377403464
7.11	0.0067311852422237695
7.12	0.006581556289731505
7.13	0.006429184651654198
7.14	0.006273866280781593
7.15	0.006115372359520047
7.16	0.005953444887230994
7.17	0.005787791204643949
7.18	0.005618077124996177
7.1899999999999995	0.005443918212821179
7.2	0.005264868561252795
7.21	0.005080406131544678
7.22	0.004889913273994971
7.2299999999999995	0.004692650342246501
7.24	0.004487719151686031
7.25	0.004274011055832028
7.26	0.004050130905521248
7.27	0.0038142816100952934
7.28	0.0035640810668079418
7.29	0.0032962556661321357
7.3	0.0030060903727941934
7.31	0.0026863470240313853
7.32	0.0023248435395793383
7.33	0.0018978525080164115
7.34	0.0013443414663265678
7.35	0.00014519284840614944
7.36	0.
7.37	5.5911669348991235e-19
7.38	-4.917324618895085e-19
7.39	9.059924587423634e-19
7.4	1.2826834270265551e-18
7.41	-8.191038243639209e-19
7.42	-7.923505555470314e-19
7.43	1.543652928172831e-18
7.4399999999999995	3.778615811783503e-19
7.45	1.1143330990545681e-18
7.46	3.6627537713868585e-19
7.47	1.4483396114190952e-18
7.4799999999999995	3.5867827905231333e-19
7.49	7.118222380701523e-19
7.5	7.073476790911076e-19
7.51	7.037632503639885e-19
7.52	7.009354201373026e-19
7.53	1.3975150225443962e-18
7.54	0.
7.55	2.0880653089274768e-18
7.56	1.3906695939628686e-18
7.57	6.950334727992618e-19
7.58	2.0852301815713075e-18
7.59	2.7817189380818892e-18
7.6	4.872439340986582e-18
7.61	6.969502722990868e-19
7.62	-2.7922807942019437e-18
7.63	6.994033824825642e-19
7.64	-1.4018662162763143e-18
7.65	-2.107934183420418e-18
7.66	-1.409050709619848e-18
7.67	3.532818050699107e-18
7.68	0.
7.6899999999999995	0.
7.7	-2.140586374302455e-18
7.71	1.4322144954858521e-18
7.72	2.875211115768352e-18
7.7299999999999995	2.8864385937976867e-18
7.74	0.
7.75	-1.4550745549636964e-18
7.76	0.
7.77	1.467709327820317e-18
7.78	5.897202039358892e-18
7.79	2.221598600431182e-18
7.8	1.4879993784107266e-18
7.81	2.990192698950362e-18
7.82	-2.2535280413310446e-18
7.83	1.509762224274554e-18
7.84	3.034646285423544e-18
7.85	-1.5250313424363479e-18
7.86	-4.598651125347127e-18
7.87	3.852193558769459e-18
7.88	7.745049717255952e-19
7.89	-5.450476412871307e-18
7.9	3.1313649130496286e-18
7.91	-4.722655617653933e-18
7.92	2.3743283583173317e-18
7.93	5.5708873068233564e-18
7.94	-3.201213575835784e-18
7.95	-3.2193170675988665e-18
7.96	2.4282545010495023e-18
7.97	-3.2562786713419478e-18
7.9799999999999995	-4.9127004462285065e-18
7.99	3.294236343437665e-18
8.	-8.283964588498195e-19
8.01	3.3331813491525423e-18
8.02	-1.6765111658034269e-18
8.03	0.
8.04	8.483598622575778e-19
8.05	-2.5605115560954373e-18
8.06	-5.152254700779347e-18
8.07	8.639757380666451e-19
8.08	3.477215342280488e-18
8.09	3.498774262860207e-18
8.1	-5.2808707212429595e-18
8.11	1.7713174495783813e-18
8.12	3.564938552372825e-18
8.13	-1.7937463012157104e-18
8.14	0.
8.15	0.
8.16	-3.656670588609942e-18
8.17	-1.1040720812056948e-17
8.18	1.8520339760463243e-18
8.19	3.728155492711979e-18
8.2	3.752504860513331e-18
8.209999999999999	3.777118129890171e-18
8.22	-7.603994960517092e-18
8.23	3.8271451948004674e-18
8.24	7.705127318966636e-18
8.25	-1.9391276811072856e-18
8.26	5.8563343383194256e-18
8.27	1.9652344697432456e-18
8.28	1.978498147290608e-18
8.29	0.
8.3	-1.203271977614474e-17
8.31	-8.076591234602756e-18
8.32	-2.0329890582707656e-18
8.33	2.046978691653135e-18
8.34	8.2444736256365e-18
8.35	0.
8.36	-4.17971025336859e-18
8.37	-4.208911569732646e-18
8.38	2.1192138307100306e-18
8.39	-6.4023936664538935e-18
8.4	4.298419941660864e-18
8.41	8.657808571157579e-18
8.42	2.1798598591957603e-18
8.43	4.390870594294325e-18
8.44	6.633542071540108e-18
8.45	1.1135491654309737e-17
8.459999999999999	0.
8.47	-6.778379439006482e-18
8.48	2.2759085353066686e-18
8.49	4.5850785356687095e-18
8.5	-4.6187092123454615e-18
8.51	0.
8.52	9.37419922273596e-18
8.53	7.082805555120172e-18
8.54	7.135548628215858e-18
8.55	4.7925916196376e-18
8.56	1.6899938921972075e-17
8.57	-4.864925644497634e-18
8.58	1.960685168507521e-17
8.59	-7.408383393786909e-18
8.6	2.364227243078833e-17
8.61	7.521950618280065e-18
8.62	0.
8.63	-5.092114939913606e-18
8.64	-5.131537054335144e-18
8.65	0.
8.66	-2.605890804407639e-18
8.67	1.3131548789400148e-17
8.68	1.0587890275254599e-17
8.69	-5.3357666914452495e-18
8.7	1.613427779163787e-17
8.71	1.626279445077545e-17
8.72	-5.464292193709338e-18
8.73	2.7540918956241892e-18
8.74	2.3612241318778422e-17
8.75	5.597597044376943e-18
8.76	1.9750982958699594e-17
8.77	0.
8.78	-1.1471877150861304e-17
8.79	-5.783219013500569e-18
8.8	1.7493301567982783e-17
8.81	1.7638782539968574e-17
8.82	2.818203578333168e-17
8.83	2.0924622919452997e-17
8.84	-6.0288631701584666e-18
8.85	0.
8.86	-9.197479474740417e-18
8.87	3.0920344306266028e-18
8.88	3.1185914928375675e-18
8.89	1.572752249754274e-17
8.9	1.9036682738033176e-17
8.91	0.
8.92	3.2284502021107437e-18
8.93	-9.770576941848155e-18
8.94	1.3142642807232997e-17
8.95	3.3148633899870256e-18
8.96	2.84636436433677e-17
8.97	-6.749009793681804e-18
8.98	-3.4049609201653175e-18
8.99	3.4358523363312035e-18
9.	1.7335941877216763e-17
9.01	-3.498978534871964e-18
9.02	4.4183600057663e-17
9.03	0.
9.04	3.062187063856664e-17
9.05	1.0892640683931494e-17
9.06	3.665093501029639e-18
9.07	-3.699824060153395e-18
9.08	0.
9.09	3.5876492816622507e-17
9.1	1.9036189391271996e-17
9.11	-2.5043177540503262e-17
9.12	7.763314253512655e-18
9.13	1.1759247924648205e-17
9.14	7.916896831339144e-18
9.15	1.599107568989025e-17
9.16	-1.6150903078078062e-17
9.17	1.6313337536346387e-17
9.18	3.096482307724662e-17
9.19	-1.6646284708445585e-17
9.2	1.6816931303448515e-17
9.21	2.1238066137744062e-17
9.22	2.1458652799383407e-17
9.23	4.336603621993125e-18
9.24	2.1911259306227503e-17
9.25	-8.85739080255076e-18
9.26	4.475955071478604e-18
9.27	0.
9.28	5.267669239364258e-17
9.29	2.311425205075698e-17
9.3	1.8694392547638813e-17
9.31	4.725277878322661e-18
9.32	5.504192174439907e-17
9.33	3.633473874347414e-17
9.34	-9.77234369997064e-18
9.35	2.728313350153839e-17
9.36	3.759488179880136e-17
9.37	2.791836648481504e-17
9.38	3.336075441707156e-17
9.39	4.410549668832958e-17
9.4	0.
9.41	5.29952260899335e-18
9.42	0.
9.43	5.428578493104924e-18
9.44	3.0350168259777265e-17
9.45	-5.563065229381231e-18
9.46	2.2529812409960867e-17
9.47	3.150440610830176e-17
9.48	-5.7757501183029596e-18
9.49	1.1699516552372336e-17
9.5	6.23625840490234e-17
9.51	1.800827423333823e-17
9.52	4.576660568599393e-17
9.53	2.465113218246763e-17
9.54	5.949284604922507e-17
9.55	-6.330327307832181e-18
9.56	6.417086422657354e-18
9.57	-6.505932489568277e-18
9.58	5.624923763948036e-17
9.59	7.042636455997487e-17
9.6	0.
9.61	6.883765553860054e-18
9.62	7.352706177533943e-17
9.63	6.043946247310508e-17
9.64	7.572989343170697e-17
9.65	2.1905432228676448e-17
9.66	1.4826733015013782e-17
9.67	5.66760011207549e-17
9.68	7.645750163029467e-18
9.69	-3.1067353024296014e-17
9.7	1.5782752683634127e-17
9.71	6.840377612015781e-17
9.72	1.021363442274212e-16
9.73	-1.6574458491312142e-17
9.74	1.055953187010813e-16
9.75	-4.7404805559124754e-17
9.76	7.438948612798367e-17
9.77	1.7746970379507567e-17
9.78	0.
9.79	-3.6781377550792413e-17
9.8	9.364291195511068e-18
9.81	3.8155774390445826e-17
9.82	6.349044655306928e-17
9.83	3.9626243951214043e-17
9.84	5.588089928316527e-17
9.85	-5.699323554765643e-17
9.86	3.152649430747517e-17
9.87	3.217402301301041e-17
9.88	6.058581569067913e-17
9.89	7.305848172652573e-17
9.9	6.321927300261308e-17
9.91	5.29405072542009e-17
9.92	8.994739673845824e-17
9.93	2.4423315780188106e-17
9.94	1.191577251836743e-16
9.95	2.5589950280552344e-17
9.96	8.565484289202343e-17
9.97	-2.686450725597274e-17
9.98	7.624713071555135e-17
9.99	-2.8262683988680356e-17
10.	-6.580653873612485e-17