-1
29
29
29
30
43
44
45
45
46
51
59
59
59
60
60
60
60
60
61
66
66
73
74
74
74
74
74
75
75
75
75
75
75
75
75
75
75
75
75
75
76
76
81
81
81
88
89
89
89
89
89
89
89
89
90
90
90
90
90
90
90
90
90
90
90
90
90
90
90
90
91
91
91
91
91
91
91
91
91
91
92
92
95
95
96
96
96
96
96
103
103
103
103
104
104
104
104
104
104
104
104
104
104
104
104
104
104
104
104
105
105
105
105
105
105
105
105
105
105
105
105
105
105
105
105
105
106
106
106
106
106
106
106
106
106
106
106
106
106
106
106
106
106
106
110
110
111
111
111
111
111
111
111
111
111
111
111
111
119
119
119
119
119
119
119
119
119
119
119
119
119
119
119
119
119
119
119
119
119
119
119
119
120
120
120
120
120
120
120
120
120
120
120
120
120
120
120
120
120
120
120
120
120
120
120
120
120
120
120
120
120
121
121
121
121
121
121
121
121
121
121
121
121
121
121
121
121
121
121
121
122
122
122
122
125
125
125
125
126
126
126
126
126
126
126
126
126
126
126
134
134
134
134
134
134
134
134
134
134
134
134
134
134
134
134
134
134
134
134
134
134
134
134
134
134
134
134
134
134
134
134
134
134
135
135
135
135
135
135
135
135
135
135
135
135
135
135
135
135
135
135
135
135
136
136
136
136
136
136
136
136
136
136
136
136
136
136
137
137
137
137
137
140
140
140
140
140
140
141
141
141
141
141
141
141
141
141
141
141
141
141
149
149
149
149
149
149
149
149
149
149
149
149
149
149
149
149
149
149
149
149
149
149
149
149
149
149
149
149
149
149
149
149
149
149
149
150
150
150
150
150
150
150
150
150
150
150
150
150
150
150
150
150
150
151
151
151
151
151
151
151
151
151
151
151
151
151
151
152
152
152
152
152
155
155
155
155
155
155
155
156
156
156
156
156
156
156
164
164
164
164
164
164
164
164
164
164
164
164
164
164
164
164
164
164
164
165
165
165
165
165
165
165
165
165
165
165
165
166
166
166
166
166
166
167
167
167
167
167
167
167
167
167
167
167
167
167
167
167
167
167
170
170
170
170
170
170
171
171
171
171
171
171
171
171
171
171
179
179
179
179
179
179
179
179
179
179
180
180
180
180
180
180
180
180
180
180
180
180
180
180
180
180
180
180
180
180
180
180
180
181
181
181
181
181
181
181
181
182
182
182
182
182
182
182
182
182
182
182
182
185
185
185
185
185
186
186
186
186
186
186
186
186
186
186
186
186
194
194
194
194
194
195
195
195
195
195
195
195
195
195
195
195
195
195
195
195
195
195
195
195
195
196
196
196
196
196
197
197
197
197
197
197
200
200
200
200
200
200
201
201
201
201
201
209
209
210
210
210
210
210
210
210
210
210
210
210
211
211
211
211
211
212
212
212
212
212
212
215
215
215
215
215
215
216
216
216
216
216
216
216
216
216
224
224
224
224
225
225
225
225
225
225
225
226
226
227
227
227
227
227
227
231
231
239
239
239
240
240
240
240
241
241
241
241
241
242
242
242
245
246
254
254
255
255
255
257
257
257
260
260
261
261
269
270
270
271
271
272
272
275
275
275
276
284
285
286
286
286
291
291
302
306
314
315
315
316
316
316
317
317
317
317
332
336
345
365
366
375
378
391
392
405
405
407
408
411
411
421
421
435
450
451
452
465
466
466
471
483
513
526
526
588
618
661
692
692
706
752
753
754
783
842
845
918
920
1007
1023
1097
1131
1158
1281
1356
1383
1491
1564
1640
1821
2018
2121
2482




















































































































































































































































































































































































































































































































































































































































































































































































